{
 "cells": [
  {
   "cell_type": "markdown",
   "metadata": {
    "collapsed": true
   },
   "source": [
    "# QR分解\n",
    "分解要求：矩阵的列线性无关。\n",
    "## 1.介绍\n",
    "$\\quad$如果$m\\times n$矩阵$A$的列线性无关，那么$A$可以分解为$A=QR$，其中$Q$是一个$m\\times n$矩阵，其列形成$ColA$的一个[标准正交基](《线性代数及其应用》笔记13.正交与正交基.ipynb)，$R$是一个$n\\times n$上三角可逆矩阵且在对角线上的元素为正数。$QR$分解常用于求解[特征值](《线性代数及其应用》笔记10.特征值和特征向量.ipynb)以及[最小二乘求解](《线性代数及其应用》笔记19.最小二乘法.ipynb)。  \n",
    "\n",
    "<img src=\"./_image/17_1.png\" width=\"300\" height=\"250\" />  \n",
    "\n",
    "$\\quad$对$m\\times n$矩阵$A$做$QR$分解步骤如下：\n",
    "* 对$A$的列向量应用[格拉姆-施密特方法](《线性代数及其应用》笔记15.正交矩阵与格拉姆-施密特方法.ipynb)得到一组正交基，再单位化后得到单位正交基，单位正交基构成矩阵Q的列；\n",
    "* 可知$Q^{T}Q=I$（正交矩阵的定理），所以有$Q^{T}A=Q^{T}QR=R$，因此计算$Q^{T}A$即可得到$R$。  \n",
    "\n",
    "举一个例子：\n",
    "\n",
    "<img src=\"./_image/17_2.png\" width=\"300\" height=\"250\" />  \n",
    "\n",
    "## 2.QR分解求特征值\n",
    "$\\quad$$QR$分解被广泛地用来估计一般矩阵$A$的特征值。算法流程如下：  \n",
    "1. $A$被分解为$Q_{1},R_{1}$，计算$R_{1}Q_{1}$得到$A_{1}$；\n",
    "2. $A_{1}$被分解为$Q_{2},R_{2}$，计算$R_{2}Q_{2}$得到$A_{2}$；  \n",
    "3. 以此类推，计算到第$k$次时，$A_{k}$几乎是上三角的，且对角线上单元素近似于$A$的特征值。  \n",
    "\n",
    "可以简单地证明，$A$是相似于$A_k$的：\n",
    "\n",
    "<img src=\"./_image/17_3.png\" width=\"300\" height=\"250\" />  \n",
    "\n",
    "$\\quad$我们用Python来实现该算法，取k=20或100来对比，$A=\n",
    "\\begin{bmatrix}\n",
    "   2 & 3\\\\\n",
    "   3 & -6\n",
    "  \\end{bmatrix}$，代码如下所示："
   ]
  },
  {
   "cell_type": "code",
   "execution_count": 8,
   "metadata": {},
   "outputs": [
    {
     "name": "stdout",
     "output_type": "stream",
     "text": [
      "without using qr, the eigenvalues is \n",
      "[6.00000000e+00+0.j 5.80636188e-17+0.j 1.00000000e+00+0.j]\n",
      "without using qr, the eigenvectors is \n",
      "[[-3.65148372e-01  8.16496581e-01 -4.47213595e-01]\n",
      " [-9.12870929e-01 -4.08248290e-01  6.39468303e-17]\n",
      " [-1.82574186e-01  4.08248290e-01  8.94427191e-01]]\n",
      "\n",
      "after 20 qr, the mat is \n",
      "[[ 6.00000000e+00  2.06757467e-15 -9.11586285e-16]\n",
      " [ 1.67490672e-15  1.00000000e+00  2.52605343e-16]\n",
      " [ 0.00000000e+00  0.00000000e+00  4.53246652e-17]]\n",
      "after using qr, the eigenvalues is \n",
      "[6.00000000e+00+0.j 1.00000000e+00+0.j 4.53246652e-17+0.j]\n",
      "after using qr, the eigenvectors is \n",
      "[[ 1.00000000e+00 -4.13514935e-16  1.51931048e-16]\n",
      " [ 3.34981345e-16  1.00000000e+00 -2.52605343e-16]\n",
      " [ 0.00000000e+00  0.00000000e+00  1.00000000e+00]]\n",
      "\n",
      "after 100 qr, the mat is \n",
      "[[ 6.00000000e+00  3.92667949e-16 -9.11586285e-16]\n",
      " [ 2.56369046e-93  1.00000000e+00  2.52605343e-16]\n",
      " [ 0.00000000e+00  0.00000000e+00  4.53246652e-17]]\n",
      "after using qr, the eigenvalues is \n",
      "[6.00000000e+00+0.j 1.00000000e+00+0.j 4.53246652e-17+0.j]\n",
      "after using qr, the eigenvectors is \n",
      "[[ 1.00000000e+00 -7.85335899e-17  1.51931048e-16]\n",
      " [ 0.00000000e+00  1.00000000e+00 -2.52605343e-16]\n",
      " [ 0.00000000e+00  0.00000000e+00  1.00000000e+00]]\n",
      "\n"
     ]
    }
   ],
   "source": [
    "import numpy as np\n",
    "from scipy.linalg import eig\n",
    "from scipy.linalg import qr\n",
    "\n",
    "\n",
    "def qr_eig(A, times):\n",
    "    for i in range(times):\n",
    "        q, r = qr(A)\n",
    "        A = np.dot(r, q)\n",
    "    return A\n",
    "\n",
    "\n",
    "if __name__ == \"__main__\":\n",
    "    mat = np.asarray([[1, 2, 0],\n",
    "                      [2, 5, 1],\n",
    "                      [0, 1, 1]])\n",
    "    eigenvalues, eigenvectors = eig(mat)\n",
    "    print('without using qr, the eigenvalues is \\n%s' % eigenvalues)\n",
    "    print('without using qr, the eigenvectors is \\n%s\\n' % eigenvectors)\n",
    "\n",
    "    times = 20\n",
    "    mat = qr_eig(mat, times)\n",
    "    print('after %d qr, the mat is \\n%s' % (times, mat))\n",
    "    eigenvalues, eigenvectors = eig(mat)\n",
    "    print('after using qr, the eigenvalues is \\n%s' % eigenvalues)\n",
    "    print('after using qr, the eigenvectors is \\n%s\\n' % eigenvectors)\n",
    "\n",
    "    times = 100\n",
    "    mat = qr_eig(mat, times)\n",
    "    print('after %d qr, the mat is \\n%s' % (times, mat))\n",
    "    eigenvalues, eigenvectors = eig(mat)\n",
    "    print('after using qr, the eigenvalues is \\n%s' % eigenvalues)\n",
    "    print('after using qr, the eigenvectors is \\n%s\\n' % eigenvectors)"
   ]
  },
  {
   "cell_type": "markdown",
   "metadata": {},
   "source": [
    "k=100与k=20相比，通过$QR$分解计算出来的矩阵除对角线外元素更趋于0；通过$QR$分解计算得到的矩阵对角线上元素均趋于特征值。"
   ]
  },
  {
   "cell_type": "markdown",
   "source": [
    "![](https://gitee.com/Euraxluo/images/raw/master/pycharm/MIK-sjpaqG.png)"
   ],
   "metadata": {
    "collapsed": false,
    "pycharm": {
     "name": "#%% md\n"
    }
   }
  },
  {
   "cell_type": "code",
   "execution_count": 7,
   "metadata": {},
   "outputs": [
    {
     "name": "stdout",
     "output_type": "stream",
     "text": [
      "1 0\n",
      "[[ 0.9486833   0.31622777  0.        ]\n",
      " [-0.31622777  0.9486833   0.        ]\n",
      " [ 0.          0.          1.        ]]\n",
      "[[ 0.9486833   0.31622777  0.        ]\n",
      " [-0.31622777  0.9486833   0.        ]\n",
      " [ 0.          0.          1.        ]]\n",
      "[[3.16227766 1.58113883 0.31622777]\n",
      " [0.         1.58113883 0.9486833 ]\n",
      " [0.         1.         1.        ]]\n",
      "2 1\n",
      "[[ 1.          0.          0.        ]\n",
      " [ 0.          0.84515425  0.53452248]\n",
      " [ 0.         -0.53452248  0.84515425]]\n",
      "[[ 0.9486833   0.31622777  0.        ]\n",
      " [-0.26726124  0.80178373  0.53452248]\n",
      " [ 0.16903085 -0.50709255  0.84515425]]\n",
      "[[3.16227766 1.58113883 0.31622777]\n",
      " [0.         1.87082869 1.33630621]\n",
      " [0.         0.         0.3380617 ]]\n",
      "A\n",
      "[[3.16227766 1.58113883 0.31622777]\n",
      " [0.         1.87082869 1.33630621]\n",
      " [0.         0.         0.3380617 ]]\n",
      "Q\n",
      "[[ 0.9486833  -0.26726124  0.16903085]\n",
      " [ 0.31622777  0.80178373 -0.50709255]\n",
      " [ 0.          0.53452248  0.84515425]]\n",
      "R\n",
      "[[3.16227766 1.58113883 0.31622777]\n",
      " [0.         1.87082869 1.33630621]\n",
      " [0.         0.         0.3380617 ]]\n",
      "1 0\n",
      "[[ 0.4472136   0.89442719  0.        ]\n",
      " [-0.89442719  0.4472136   0.        ]\n",
      " [ 0.          0.          1.        ]]\n",
      "[[ 0.4472136   0.89442719  0.        ]\n",
      " [-0.89442719  0.4472136   0.        ]\n",
      " [ 0.          0.          1.        ]]\n",
      "[[2.23606798 5.36656315 0.89442719]\n",
      " [0.         0.4472136  0.4472136 ]\n",
      " [0.         1.         1.        ]]\n",
      "2 1\n",
      "[[ 1.          0.          0.        ]\n",
      " [ 0.          0.40824829  0.91287093]\n",
      " [ 0.         -0.91287093  0.40824829]]\n",
      "[[ 0.4472136   0.89442719  0.        ]\n",
      " [-0.36514837  0.18257419  0.91287093]\n",
      " [ 0.81649658 -0.40824829  0.40824829]]\n",
      "[[2.23606798e+00 5.36656315e+00 8.94427191e-01]\n",
      " [0.00000000e+00 1.09544512e+00 1.09544512e+00]\n",
      " [0.00000000e+00 0.00000000e+00 1.66533454e-16]]\n",
      "A\n",
      "[[2.23606798e+00 5.36656315e+00 8.94427191e-01]\n",
      " [0.00000000e+00 1.09544512e+00 1.09544512e+00]\n",
      " [0.00000000e+00 0.00000000e+00 1.66533454e-16]]\n",
      "Q\n",
      "[[ 0.4472136  -0.36514837  0.81649658]\n",
      " [ 0.89442719  0.18257419 -0.40824829]\n",
      " [ 0.          0.91287093  0.40824829]]\n",
      "R\n",
      "[[2.23606798e+00 5.36656315e+00 8.94427191e-01]\n",
      " [0.00000000e+00 1.09544512e+00 1.09544512e+00]\n",
      " [0.00000000e+00 0.00000000e+00 1.66533454e-16]]\n"
     ]
    }
   ],
   "source": [
    "# python 实现LU分解\n",
    "\n",
    "def givens_rotate(A, i, j):\n",
    "    row, col = A.shape\n",
    "    ret = np.eye(row, col)\n",
    "    update_value = sum(item ** 2 for item in A[j:i, j])\n",
    "    c = update_value ** 0.5 / (update_value + A[i][j] ** 2) ** 0.5\n",
    "    s = A[i][j] / (update_value + A[i][j] ** 2) ** 0.5\n",
    "    ret[i][i], ret[j][j] = c, c\n",
    "    ret[i][j], ret[j][i] = -s, s\n",
    "    return ret\n",
    "\n",
    "\n",
    "def QR_Givens(A):  # A=QR\n",
    "    row, col = A.shape\n",
    "    U = np.eye(row, col)\n",
    "    for c in range(col):\n",
    "        for r in range(c + 1, row):\n",
    "            if A[r, c] != 0:\n",
    "                print(r, c)\n",
    "                rot = givens_rotate(A, r, c)\n",
    "                print(rot)\n",
    "                U = np.dot(rot, U)\n",
    "                A = np.dot(rot, A)\n",
    "                print(U)\n",
    "                print(A)\n",
    "    return {'A': A, 'Q': np.transpose(U), 'R': A}\n",
    "\n",
    "\n",
    "a = np.asarray([[3, 1, 0],\n",
    "                [1, 2, 1],\n",
    "                [0, 1, 1]])\n",
    "result = QR_Givens(a)\n",
    "for k, v in result.items():\n",
    "    print(k)\n",
    "    print(v)\n",
    "a = np.asarray([[1, 2, 0],\n",
    "                [2, 5, 1],\n",
    "                [0, 1, 1]])\n",
    "result = QR_Givens(a)\n",
    "for k, v in result.items():\n",
    "    print(k)\n",
    "    print(v)"
   ]
  },
  {
   "cell_type": "code",
   "execution_count": 4,
   "outputs": [
    {
     "name": "stdout",
     "output_type": "stream",
     "text": [
      "Q\n",
      "[[ 1.  0.  0.]\n",
      " [ 0. -1.  0.]\n",
      " [ 0.  0. -1.]]\n",
      "R\n",
      "[[ 3  1  0]\n",
      " [-1 -2 -1]\n",
      " [ 0 -1 -1]]\n",
      "Q\n",
      "[[ 0.6  0.8  0. ]\n",
      " [ 0.8 -0.6  0. ]\n",
      " [ 0.   0.  -1. ]]\n",
      "R\n",
      "[[ 2  5  0]\n",
      " [ 0 -1  0]\n",
      " [ 0 -1 -1]]\n"
     ]
    }
   ],
   "source": [
    "# python 实现LU分解\n",
    "\n",
    "def QR_HouseHolder(A):  # A=QR/PA=T\n",
    "    row, col = A.shape\n",
    "    P = np.eye(row, col)\n",
    "    for c in range(col):\n",
    "        mat_a, mat_u = np.copy(A[c:, c:]), np.copy(A[c:, c])  # mat_u = mat_a[:,0]\n",
    "        mat_u[0] = mat_u[0] + np.linalg.norm(mat_u) if mat_u[0] < 0 else mat_u[0] - np.linalg.norm(mat_u)\n",
    "        mat_u.shape = (1, mat_u.shape[0])\n",
    "        mat_u = np.transpose(mat_u)\n",
    "        mat_r = np.eye(mat_u.shape[0])\n",
    "        utu = np.dot(np.transpose(mat_u), mat_u)\n",
    "        mat_r = mat_r - 2.0 * ((np.dot(mat_u, np.transpose(mat_u)) / utu) if utu != 0 else 0)\n",
    "        mat_a = np.dot(mat_r, mat_a)\n",
    "        R = np.eye(row, col)\n",
    "        R[c:, c:] = np.copy(mat_r)\n",
    "        P = np.dot(R, P)\n",
    "        A[c:, c:] = np.copy(mat_a)\n",
    "    return {'Q': np.transpose(P), 'R': A}\n",
    "\n",
    "\n",
    "a = np.asarray([[3, 1, 0],\n",
    "                [1, 2, 1],\n",
    "                [0, 1, 1]])\n",
    "result = QR_HouseHolder(a)\n",
    "for k, v in result.items():\n",
    "    print(k)\n",
    "    print(v)\n",
    "a = np.asarray([[1, 2, 0],\n",
    "                [2, 5, 1],\n",
    "                [0, 1, 1]])\n",
    "result = QR_HouseHolder(a)\n",
    "for k, v in result.items():\n",
    "    print(k)\n",
    "    print(v)"
   ],
   "metadata": {
    "collapsed": false,
    "pycharm": {
     "name": "#%%\n"
    }
   }
  },
  {
   "cell_type": "code",
   "execution_count": 6,
   "outputs": [
    {
     "name": "stdout",
     "output_type": "stream",
     "text": [
      "Q\n",
      "[[ 0.   -0.8  -0.6 ]\n",
      " [ 0.6   0.48 -0.64]\n",
      " [ 0.8  -0.36  0.48]]\n",
      "R\n",
      "[[ 5. 25. -4.]\n",
      " [ 0. 25. 10.]\n",
      " [ 0.  0. 10.]]\n",
      "Q\n",
      "[[0 0]\n",
      " [0 0]]\n",
      "R\n",
      "[[5.83095189 0.        ]\n",
      " [0.         5.83095189]]\n",
      "Q\n",
      "[[0 0 0]\n",
      " [0 0 0]\n",
      " [0 0 0]]\n",
      "R\n",
      "[[2.23606798 0.         0.        ]\n",
      " [0.         5.47722558 0.        ]\n",
      " [0.         0.         1.41421356]]\n"
     ]
    }
   ],
   "source": [
    "# python 实现LU分解\n",
    "\n",
    "def QR(A):  # A=QR\n",
    "    row, col = A.shape\n",
    "    Q, R = np.copy(A), np.zeros([row, col])\n",
    "    for c in range(col):\n",
    "        for r in range(c):\n",
    "            if r < c:\n",
    "                # R_rc = qr^T*A_c\n",
    "                R[r][c] = np.dot(np.transpose(Q[:, r]), A[:, c])\n",
    "                Q[:, c] = Q[:, c] - R[r][c] * Q[:, r]\n",
    "        R[c][c] = np.linalg.norm(Q[:, c])\n",
    "        Q[:, c] = Q[:, c] / R[c][c]\n",
    "    return {'Q': Q, 'R': R}\n",
    "\n",
    "\n",
    "a = np.asarray([[0., -20., -14.],\n",
    "                [3., 27., -4.],\n",
    "                [4., 11., -2.]])\n",
    "result = QR(a)\n",
    "for k, v in result.items():\n",
    "    print(k)\n",
    "    print(v)\n",
    "a = np.asarray([[3, 5],\n",
    "                [5, 3]])\n",
    "result = QR(a)\n",
    "for k, v in result.items():\n",
    "    print(k)\n",
    "    print(v)\n",
    "a = np.asarray([[1, 2, 0],\n",
    "                [2, 5, 1],\n",
    "                [0, 1, 1]])\n",
    "result = QR(a)\n",
    "for k, v in result.items():\n",
    "    print(k)\n",
    "    print(v)"
   ],
   "metadata": {
    "collapsed": false,
    "pycharm": {
     "name": "#%%\n"
    }
   }
  },
  {
   "cell_type": "code",
   "execution_count": 5,
   "outputs": [],
   "source": [],
   "metadata": {
    "collapsed": false,
    "pycharm": {
     "name": "#%%\n"
    }
   }
  }
 ],
 "metadata": {
  "kernelspec": {
   "display_name": "Python 3",
   "language": "python",
   "name": "python3"
  },
  "language_info": {
   "codemirror_mode": {
    "name": "ipython",
    "version": 3
   },
   "file_extension": ".py",
   "mimetype": "text/x-python",
   "name": "python",
   "nbconvert_exporter": "python",
   "pygments_lexer": "ipython3",
   "version": "3.7.1"
  }
 },
 "nbformat": 4,
 "nbformat_minor": 1
}